#All comment lines starts
#with some special characters like "#"
--BEGIN
--TYPE English
-1 -1 -1 -1 -1 -1 -1 -1 -1 -1 -1
-1 -1 -1 -1 -1 -1 -1 -1 -1 -1 -1
-1 -1 -1 -1 1 1 1 -1 -1 -1 -1
-1 -1 -1 -1 1 1 1 -1 -1 -1 -1
-1 -1 1 1 1 1 1 1 1 -1 -1
-1 -1 1 1 1 0 1 1 1 -1 -1
-1 -1 1 1 1 1 1 1 1 -1 -1
-1 -1 -1 -1 1 1 1 -1 -1 -1 -1
-1 -1 -1 -1 1 1 1 -1 -1 -1 -1
-1 -1 -1 -1 -1 -1 -1 -1 -1 -1 -1
-1 -1 -1 -1 -1 -1 -1 -1 -1 -1 -1
#comment2
--BEGIN
--TYPE German
-8 -1 -1 -1 -1 -1 -1 -1 -1 -1 -1
-1 -1 -1 -1 -1 -1 -1 -1 -1 -1 -1
-1 -1 -1 -1 1 1 1 -1 -1 -1 -1
-1 -1 -1 -1 1 1 1 -1 -1 -1 -1
-1 -1 1 1 1 1 1 1 1 -1 -1
-1 -1 1 1 1 0 1 1 1 -1 -1
-1 -1 1 1 1 1 1 1 1 -1 -1
-1 -1 -1 -1 1 1 1 -1 -1 -1 -1
-1 -1 -1 -1 1 1 1 -1 -1 -1 -1
-1 -1 -1 -1 -1 -1 -1 -1 -1 -1 -1
-1 -1 -1 -1 -1 -1 -1 -1 -1 -1 -1
